object Form1: TForm1
  Left = 96
  Top = 191
  Caption = 'Form1'
  ClientHeight = 420
  ClientWidth = 652
  Position = Designed
  FormFactor.Width = 320
  FormFactor.Height = 480
  FormFactor.Devices = [Desktop]
  Left = 96
  Top = 191
  DesignerMasterStyle = 0
  object Memo1: TMemo
    Touch.InteractiveGestures = [Pan, LongTap, DoubleTap]
    DataDetectorTypes = []
    Position.X = 24.000000000000000000
    Position.Y = 48.000000000000000000
    Size.Width = 497.000000000000000000
    Size.Height = 356.000000000000000000
    Size.PlatformDefault = False
    TabOrder = 0
    Viewport.Width = 493.000000000000000000
    Viewport.Height = 352.000000000000000000
  end
end
